7.196544320391680003e+02
2.300092621798039545e+02
2.113686662749005762e+01
1.078136919007673278e+01
7.645543151178208596e+00
4.746307096527488056e+00
2.235436948150604675e+00
1.772241006426816368e+00
1.161406359495619878e+00
7.052461998421238887e-01
4.585061516672012671e-01
2.252010717274209872e-01
1.372842254708447340e-01
8.089229343118743698e-02
6.483226352442593432e-02
5.530217363530908620e-02
3.303360646824673313e-02
2.512534164506364728e-02
1.655714312350733269e-02
1.441995561572355020e-02
9.438672133217411442e-03
6.961543591524479296e-03
5.523797733050910333e-03
3.887190683027091486e-03
3.045985854837510859e-03
2.664100331762875827e-03
2.433636810350822341e-03
1.437537763343614463e-03
1.134484012773762356e-03
1.019343473913203631e-03
7.136183491414279647e-04
6.283236617238453911e-04
4.853939708823462856e-04
4.107573715982474911e-04
3.233472985514306811e-04
2.845301991224898877e-04
2.324236704782143648e-04
2.149259084582541589e-04
1.633802918752963094e-04
1.165259530259455951e-04
1.077309661483301357e-04
7.679799771929618165e-05
6.314716162344177275e-05
5.988269428788349882e-05
4.117165935244460078e-05
3.564694581211336579e-05
3.108429013327406381e-05
2.885549021500229957e-05
2.303124723598472341e-05
2.153462036585371658e-05
1.788226236593122256e-05
1.485596001295528793e-05
1.358360991039664733e-05
1.096138471791740035e-05
1.034450973513192291e-05
7.840676676966514404e-06
7.183538702833812369e-06
6.089211515375821344e-06
5.833160165772334520e-06
5.076655443812896115e-06
3.814329992764286730e-06
3.037234217572715230e-06
2.697404216531571031e-06
2.276873001692536639e-06
2.143652324686479302e-06
1.781831566104683721e-06
1.521132213822214667e-06
1.427929384014926194e-06
1.106078048660536491e-06
9.192269860841359731e-07
8.251741079338018829e-07
7.646147033666154763e-07
6.987059816524233892e-07
6.377600694706132526e-07
5.391358595360693737e-07
4.841755799941663706e-07
3.836500728594081721e-07
3.406460379193215914e-07
2.802095350485872390e-07
2.474609788523041072e-07
2.366360418494602711e-07
2.075348522748042004e-07
1.588067525808912257e-07
1.443283204952199201e-07
1.357495955586664248e-07
1.151106596360993215e-07
1.053617501225685465e-07
9.268716325749278529e-08
7.764033880715079230e-08
7.388506262890587246e-08
6.405637875438662361e-08
6.212029662920663733e-08
4.987926274805061956e-08
4.791684664697049050e-08
4.084166711088244849e-08
3.681633474535021289e-08
3.645340310696651184e-08
3.045486816802803805e-08
2.934959241048324094e-08
2.493401626751962534e-08
